Mesh
18
-0.5 -0.5 0xFF808080 0.0 0.0
-0.1 -0.6 0xFFFF00FF 0.0 0.0
 0.0 -0.1 0xFFFF00FF 0.0 0.0

-0.1 -0.6 0xFFFF00FF 0.0 0.0
 0.3 -0.5 0xFF808080 0.0 0.0
 0.0 -0.1 0xFFFF00FF 0.0 0.0

 0.3 -0.5 0xFF808080 0.0 0.0
 0.5  0.0 0xFFFF00FF 0.0 0.0
 0.0 -0.1 0xFFFF00FF 0.0 0.0

 0.1  0.3 0xFF808080 0.0 0.0
 0.5  0.0 0xFFFF00FF 0.0 0.0
 0.0 -0.1 0xFFFF00FF 0.0 0.0

 0.5  0.0 0xFFFF00FF 0.0 0.0
-0.3  0.2 0xFF808080 0.0 0.0
 0.0 -0.1 0xFFFF00FF 0.0 0.0

-0.3  0.2 0xFF808080 0.0 0.0
-0.6  0.0 0xFF808080 0.0 0.0
 0.0 -0.1 0xFFFF00FF 0.0 0.0
